17
13
4
157.830000
3 6 4 8 0 5 7 1 2 0 9 0 0 0 0 0 0 
0 48.17 44.01 2.07 16.69 19.87 10.16 26.04 20.03 52.97 
48.17 0 1.24 43.55 35.71 38.23 38.44 13.18 43.82 27.48 
44.01 1.24 0 35.83 28.63 38.66 30.96 15.46 36.09 39.27 
2.07 43.55 35.83 0 9.66 12.81 3.08 21.48 13.23 49.36 
16.69 35.71 28.63 9.66 0 2.69 1.68 15.46 1.32 42 
19.87 38.23 38.66 12.81 2.69 0 5.59 23.42 1.05 51.62 
10.16 38.44 30.96 3.08 1.68 5.59 0 17.43 5.9 44.17 
26.04 13.18 15.46 21.48 15.46 23.42 17.43 0 17.13 24.92 
20.03 43.82 36.09 13.23 1.32 1.05 5.9 17.13 0 47.91 
52.97 27.48 39.27 49.36 42 51.62 44.17 24.92 47.91 0 
