23
13
4
264.010000
9 2 10 8 0 7 11 4 12 0 5 3 1 6 0 0 0 0 0 0 0 0 0 
0 69.26 2.29 46.87 25.75 17.22 28.33 9.26 8.91 1.53 2 12.26 12.96 
69.26 0 72.29 33.11 67.89 43.34 97.49 66.96 69.68 70.69 69.92 76.54 50.4 
2.29 72.29 0 57.25 34.42 26.54 38.86 19.81 18.84 1.95 6.16 22.74 21.88 
46.87 33.11 57.25 0 25.83 21.09 80.04 30.24 32.34 50.04 51.57 33.03 25.92 
25.75 67.89 34.42 25.83 0 24.73 56.53 11.82 13.68 26.45 26.7 8.41 15.19 
17.22 43.34 26.54 21.09 24.73 0 50.21 18.41 11.45 23.52 23.47 26.49 5.05 
28.33 97.49 38.86 80.04 56.53 50.21 0 38.77 36.49 30.9 24.57 42.42 43.06 
9.26 66.96 19.81 30.24 11.82 18.41 38.77 0 3.22 16.07 17.07 4.01 7.97 
8.91 69.68 18.84 32.34 13.68 11.45 36.49 3.22 0 8.47 9.59 17.07 4.64 
1.53 70.69 1.95 50.04 26.45 23.52 30.9 16.07 8.47 0 4.2 16.7 17.38 
2 69.92 6.16 51.57 26.7 23.47 24.57 17.07 9.59 4.2 0 17.11 17.32 
12.26 76.54 22.74 33.03 8.41 26.49 42.42 4.01 17.07 16.7 17.11 0 11.71 
12.96 50.4 21.88 25.92 15.19 5.05 43.06 7.97 4.64 17.38 17.32 11.71 0 