83
13
4
557.370000
39 28 10 30 0 17 23 29 19 0 31 4 36 13 0 18 2 7 16 0 33 37 35 11 0 40 8 26 6 0 34 38 24 1 0 5 9 14 15 0 22 21 27 20 0 25 3 12 42 0 32 41 0 0 0 0 0 0 0 0 0 0 0 0 0 0 0 0 0 0 0 0 0 0 0 0 0 0 0 0 0 0 0 
0 18.53 4.42 74.6 5.33 10.87 12.73 3.4 14.83 11.59 2.07 7.54 69.24 9.07 16.25 25.03 9.77 1.3 2.18 2.32 58.37 25.65 24.76 1.69 13.87 35.58 22.09 37.57 0.88 1.81 2.27 1.72 49.98 4.62 10.85 8.31 3.71 6.05 14.81 0.37 5.06 78.51 35.92 
18.53 0 7.7 56.4 27.32 7.48 11.14 11.38 35.46 12.1 24.53 29.48 57.02 27.85 3.84 1.96 8.85 17.91 14.76 12.51 44.55 3.42 10.51 17.63 0.91 26.29 30.86 18.9 17.06 18.8 23.22 22.88 41.13 17.16 31.54 20.79 25.15 16.57 29.09 18.27 23.83 79.27 18.52 
4.42 7.7 0 71.38 14.1 11.61 15.03 2.77 23.31 15.43 9.77 14.76 68.23 17.64 7.38 15.33 8.88 4.4 1.53 1.07 56.1 15.79 20.12 4.11 3.66 32 28.07 29.84 3.56 5.28 9.96 9.57 58.94 3.61 17.78 7.41 11.84 3.03 15.87 4.79 13.17 82.73 26.78 
74.6 56.4 71.38 0 99.82 76.58 74.25 82.04 102.13 77.25 100.33 92.55 38.53 97.53 67.67 61.21 79.1 89.71 76.55 74.39 37.79 59.7 52.97 89.44 68.8 29.02 97.93 49.83 85.73 90.2 101.57 95.1 89.2 89.05 86.41 89.69 98.11 88.16 82.93 89.97 92.88 122.75 66.91 
5.33 27.32 14.1 99.82 0 20.33 18.64 12.12 19.65 17.51 1.38 1.89 79.87 10.09 26.1 35.63 19.21 3.22 9.83 10.56 69.17 33.74 33.93 4.15 22.57 46.62 28.67 48.61 4.64 5.16 1.51 1.24 58.14 4.9 6.29 8.59 1.8 6.33 13.95 2.48 7.76 86.67 46.23 
10.87 7.48 11.61 76.58 20.33 0 1.59 5.75 27.13 1.63 15.66 20.62 57.7 19.48 2.14 11.23 1.29 10.39 9.51 14.84 46.91 13.24 22.07 11.4 3.13 38.52 22.1 27.33 9.14 10.99 15.84 15.47 28.68 17.55 23.59 21.1 17.01 18.68 27.45 10.77 13.82 66.65 21.95 
12.73 11.14 15.03 74.25 18.64 1.59 0 10.37 29.29 1.06 19.43 21.8 53.73 20.47 2.92 11.97 2.53 14.96 14.08 18.82 44.43 13.98 25.98 15.96 7.23 43.26 17.66 25.32 12.38 15.55 20.33 19.74 23.61 22.03 26.81 25.53 18 23.39 31.81 13.16 16.4 62.23 19.91 
3.4 11.38 2.77 82.04 12.12 5.75 10.37 0 22.78 10.62 9.32 15.24 69.54 13.16 11.92 20.73 3.29 5.45 2.9 6.49 57.33 20.49 24.66 6.48 8.53 36.62 24.28 34.94 3.17 6.07 9.51 9.11 39.72 10.95 18.78 14.56 11.43 10.67 22.66 3.97 10.84 77.9 31.3 
14.83 35.46 23.31 102.13 19.65 27.13 29.29 22.78 0 27.95 16.02 23.24 93.84 4.78 34.33 48.42 27.51 18.26 20.73 21.46 82.26 47.73 47.49 19.25 30.29 59.96 4.04 60.68 15.85 18.9 15.76 15.5 50.3 24.82 28.24 28.29 10.18 25.42 39.6 13.76 7.02 59.42 56.66 
11.59 12.1 15.43 77.25 17.51 1.63 1.06 10.62 27.95 0 16.87 19.26 63.97 16.49 8.34 17.27 5.77 14.36 13.47 18.01 53.27 23.19 30.19 15.36 10.65 45.04 21.03 32.43 9.78 14.95 18.05 17.18 30.24 20.58 24.31 24.92 15.44 21.95 35.36 10.56 12.82 68.44 27.03 
2.07 24.53 9.77 100.33 1.38 15.66 19.43 9.32 16.02 16.87 0 4.14 76.94 6.87 20.98 29.67 14.56 1.25 5.73 6.76 66.19 31.59 30.75 1.63 20.13 43.56 24.43 45.54 1.63 2.04 0.28 0.33 52.82 5.52 9.32 9.21 1.15 6.95 15.31 0.95 4.11 81.23 41.74 
7.54 29.48 14.76 92.55 1.89 20.62 21.8 15.24 23.24 19.26 4.14 0 82.76 17.6 28.48 38.67 20.27 3.86 11.51 12.52 72.12 36.78 35.86 4.78 24.98 48.75 33.72 51.63 7.07 5.79 4.64 4.24 61.11 5.59 1.14 5.93 8.27 7.02 6.01 4.93 13.85 89.56 49.23 
69.24 57.02 68.23 38.53 79.87 57.7 53.73 69.54 93.84 63.97 76.94 82.76 0 87.02 45.99 37.14 62.65 72.2 65.87 63.69 4.02 35.59 31.46 72 48 34.68 81.75 27.4 74.07 72.78 82.41 77.75 61.9 71.57 75.74 75.43 80.74 70.7 72.22 72.49 82.16 88.93 31.28 
9.07 27.85 17.64 97.53 10.09 19.48 20.47 13.16 4.78 16.49 6.87 17.6 87.02 0 22.83 31.54 16.39 6.59 9.43 10.16 69.03 30.11 33.67 7.61 19.24 46.4 16.36 47.15 4.46 7.61 3.93 2.6 40.15 13.37 17.14 16.97 1.1 14.27 23.02 2.3 0.47 71.86 44.47 
16.25 3.84 7.38 67.67 26.1 2.14 2.92 11.92 34.33 8.34 20.98 28.48 45.99 22.83 0 4.49 2.79 15.94 11.63 10.5 38.82 6.54 17.87 15.66 0.97 33.45 29.14 20.96 15.09 16.84 21.29 20.94 33.31 15.18 29.4 18.84 23.22 14.6 27.19 16.3 22.29 72.34 15.55 
25.03 1.96 15.33 61.21 35.63 11.23 11.97 20.73 48.42 17.27 29.67 38.67 37.14 31.54 4.49 0 12.84 23.58 20.08 17.87 31.18 0.37 8.27 23.3 3.6 26.95 34.94 12.99 22.73 24.44 28.78 28.45 40.31 22.44 38.2 26 30.72 21.85 34.65 23.92 28.46 83.76 17.75 
9.77 8.85 8.88 79.1 19.21 1.29 2.53 3.29 27.51 5.77 14.56 20.27 62.65 16.39 2.79 12.84 0 12.38 8.12 12.23 49.24 13.37 21.9 13.49 2.92 38.26 24.84 29.22 11.23 12.98 17.9 17.54 30.54 16.86 25.61 20.48 20.42 16.28 28.71 12.73 17.73 68.92 23.85 
1.3 17.91 4.4 89.71 3.22 10.39 14.96 5.45 18.26 14.36 1.25 3.86 72.2 6.59 15.94 23.58 12.38 0 1.48 1.91 58.83 25.77 24.88 0.29 13.94 35.97 28.74 37.96 1.86 0.5 1.88 1.33 45.19 1.6 7.12 4.56 2.6 2.26 11.13 1.29 8.61 83.78 36.33 
2.18 14.76 1.53 76.55 9.83 9.51 14.08 2.9 20.73 13.47 5.73 11.51 65.87 9.43 11.63 20.08 8.12 1.48 0 1.62 59.06 20.11 25.25 1.95 8.14 36.27 27.5 38.26 1.83 2.04 6.42 6.01 43.59 4.07 14.37 7.77 8.75 5.51 18.3 1.84 10.1 82.21 30.96 
2.32 12.51 1.07 74.39 10.56 14.84 18.82 6.49 21.46 18.01 6.76 12.52 63.69 10.16 10.5 17.87 12.23 1.91 1.62 0 53.68 20.94 20.72 1.41 8.97 30.92 33.59 32.68 5.96 1.97 5.39 4.98 52.07 1.12 13.41 2.34 8.98 1.35 10.85 4.42 13.34 88.82 31.79 
58.37 44.55 56.1 37.79 69.17 46.91 44.43 57.33 82.26 53.27 66.19 72.12 4.02 69.03 38.82 31.18 49.24 58.83 59.06 53.68 0 31.8 27.71 61.9 40.81 32.08 70.9 23.56 64.01 62.7 74.39 67.75 53.64 61.45 73.52 65.43 70.76 60.59 69.97 62.39 72.22 82.62 25.47 
25.65 3.42 15.79 59.7 33.74 13.24 13.98 20.49 47.73 23.19 31.59 36.78 35.59 30.11 6.54 0.37 13.37 25.77 20.11 20.94 31.8 0 9.31 26.34 4.99 27.94 36.38 14.02 24.16 25.94 30.57 30.25 41.74 23.76 42.39 27.3 32.82 23.17 36.27 25.74 29.76 85.1 18.93 
24.76 10.51 20.12 52.97 33.93 22.07 25.98 24.66 47.49 30.19 30.75 35.86 31.46 33.67 17.87 8.27 21.9 24.88 25.25 20.72 27.71 9.31 0 22.7 14.97 12.64 43.16 10.62 24.41 23.38 33.32 27.55 63.01 22.14 36.48 25.72 29.82 21.43 34.98 22.96 31.1 95.7 36.1 
1.69 17.63 4.11 89.44 4.15 11.4 15.96 6.48 19.25 15.36 1.63 4.78 72 7.61 15.66 23.3 13.49 0.29 1.95 1.41 61.9 26.34 22.7 0 13.5 35.3 26.98 37.29 2.08 0.56 2.33 1.78 46.21 1.82 8.02 3.99 3.7 2.21 12.02 1.6 9.69 84.72 36.77 
13.87 0.91 3.66 68.8 22.57 3.13 7.23 8.53 30.29 10.65 20.13 24.98 48 19.24 0.97 3.6 2.92 13.94 8.14 8.97 40.81 4.99 14.97 13.5 0 28.49 28.82 21.89 12.76 14.51 19 18.64 36.58 12.84 27.37 16.53 20.92 12.26 24.9 13.97 19.98 74.88 17.05 
35.58 26.29 32 29.02 46.62 38.52 43.26 36.62 59.96 45.04 43.56 48.75 34.68 46.4 33.45 26.95 38.26 35.97 36.27 30.92 32.08 27.94 12.64 35.3 28.49 0 59.75 26.34 40.24 38.91 50.91 44.11 78.69 37.59 41.93 41.79 47.12 31.7 38.25 38.53 48.65 113.25 52.83 
22.09 30.86 28.07 97.93 28.67 22.1 17.66 24.28 4.04 21.03 24.43 33.72 81.75 16.36 29.14 34.94 24.84 28.74 27.5 33.59 70.9 36.38 43.16 26.98 28.82 59.75 0 52.44 19.54 23.58 20.48 20.86 34.2 29.44 32.99 32.85 14.96 30.03 45.32 18.52 11.84 54.04 48.34 
37.57 18.9 29.84 49.83 48.61 27.33 25.32 34.94 60.68 32.43 45.54 51.63 27.4 47.15 20.96 12.99 29.22 37.96 38.26 32.68 23.56 14.02 10.62 37.29 21.89 26.34 52.44 0 30.92 29.9 39.49 34.46 53.78 28.79 44.45 32.29 37.49 28.2 43 29.5 38.96 89.22 29.5 
0.88 17.06 3.56 85.73 4.64 9.14 12.38 3.17 15.85 9.78 1.63 7.07 74.07 4.46 15.09 22.73 11.23 1.86 1.83 5.96 64.01 24.16 24.41 2.08 12.76 40.24 19.54 30.92 0 1.94 2.5 1.95 43.48 7.1 13.24 11.25 4.27 8.52 18.06 0.58 5.62 79.06 34.6 
1.81 18.8 5.28 90.2 5.16 10.99 15.55 6.07 18.9 14.95 2.04 5.79 72.78 7.61 16.84 24.44 12.98 0.5 2.04 1.97 62.7 25.94 23.38 0.56 14.51 38.91 23.58 29.9 1.94 0 2.8 2.31 44.64 2.35 9.9 5.9 5.61 3.62 13.87 1.36 8.29 83.23 35.78 
2.27 23.22 9.96 101.57 1.51 15.84 20.33 9.51 15.76 18.05 0.28 4.64 82.41 3.93 21.29 28.78 17.9 1.88 6.42 5.39 74.39 30.57 33.32 2.33 19 50.91 20.48 39.49 2.5 2.8 0 1.15 51.47 4.32 8.13 8.02 1.89 5.75 14.14 0.66 6.04 79.94 40.37 
1.72 22.88 9.57 95.1 1.24 15.47 19.74 9.11 15.5 17.18 0.33 4.24 77.75 2.6 20.94 28.45 17.54 1.33 6.01 4.98 67.75 30.25 27.55 1.78 18.64 44.11 20.86 34.46 1.95 2.31 1.15 0 52.97 5.64 9.45 9.33 1.44 7.07 15.43 0.96 3.99 81.38 41.89 
49.98 41.13 58.94 89.2 58.14 28.68 23.61 39.72 50.3 30.24 52.82 61.11 61.9 40.15 33.31 40.31 30.54 45.19 43.59 52.07 53.64 41.74 63.01 46.21 36.58 78.69 34.2 53.78 43.48 44.64 51.47 52.97 0 53.4 58.91 63.42 42.9 54.97 71.38 47.43 39.18 26 15.88 
4.62 17.16 3.61 89.05 4.9 17.55 22.03 10.95 24.82 20.58 5.52 5.59 71.57 13.37 15.18 22.44 16.86 1.6 4.07 1.12 61.45 23.76 22.14 1.82 12.84 37.59 29.44 28.79 7.1 2.35 4.32 5.64 53.4 0 8.8 1.82 9.71 0.37 6.64 5.61 15.22 90.87 35.79 
10.85 31.54 17.78 86.41 6.29 23.59 26.81 18.78 28.24 24.31 9.32 1.14 75.74 17.14 29.4 38.2 25.61 7.12 14.37 13.41 73.52 42.39 36.48 8.02 27.37 41.93 32.99 44.45 13.24 9.9 8.13 9.45 58.91 8.8 0 8.95 11.84 10.03 2.42 8.52 17.38 93.65 53.51 
8.31 20.79 7.41 89.69 8.59 21.1 25.53 14.56 28.29 24.92 9.21 5.93 75.43 16.97 18.84 26 20.48 4.56 7.77 2.34 65.43 27.3 25.72 3.99 16.53 41.79 32.85 32.29 11.25 5.9 8.02 9.33 63.42 1.82 8.95 0 11.06 0.61 8 6.98 16.34 92.39 37.42 
3.71 25.15 11.84 98.11 1.8 17.01 18 11.43 10.18 15.44 1.15 8.27 80.74 1.1 23.22 30.72 20.42 2.6 8.75 8.98 70.76 32.82 29.82 3.7 20.92 47.12 14.96 37.49 4.27 5.61 1.89 1.44 42.9 9.71 11.84 11.06 0 11.42 22.25 1.55 1.44 76.07 45.64 
6.05 16.57 3.03 88.16 6.33 18.68 23.39 10.67 25.42 21.95 6.95 7.02 70.7 14.27 14.6 21.85 16.28 2.26 5.51 1.35 60.59 23.17 21.43 2.21 12.26 31.7 30.03 28.2 8.52 3.62 5.75 7.07 54.97 0.37 10.03 0.61 11.42 0 7.64 7.04 16.52 92.32 35.08 
14.81 29.09 15.87 82.93 13.95 27.45 31.81 22.66 39.6 35.36 15.31 6.01 72.22 23.02 27.19 34.65 28.71 11.13 18.3 10.85 69.97 36.27 34.98 12.02 24.9 38.25 45.32 43 18.06 13.87 14.14 15.43 71.38 6.64 2.42 8 22.25 7.64 0 15.98 25.02 102 52.3 
0.37 18.27 4.79 89.97 2.48 10.77 13.16 3.97 13.76 10.56 0.95 4.93 72.49 2.3 16.3 23.92 12.73 1.29 1.84 4.42 62.39 25.74 22.96 1.6 13.97 38.53 18.52 29.5 0.58 1.36 0.66 0.96 47.43 5.61 8.52 6.98 1.55 7.04 15.98 0 4.47 77.57 36.8 
5.06 23.83 13.17 92.88 7.76 13.82 16.4 10.84 7.02 12.82 4.11 13.85 82.16 0.47 22.29 28.46 17.73 8.61 10.1 13.34 72.22 29.76 31.1 9.69 19.98 48.65 11.84 38.96 5.62 8.29 6.04 3.99 39.18 15.22 17.38 16.34 1.44 16.52 25.02 4.47 0 72.04 44.62 
78.51 79.27 82.73 122.75 86.67 66.65 62.23 77.9 59.42 68.44 81.23 89.56 88.93 71.86 72.34 83.76 68.92 83.78 82.21 88.82 82.62 85.1 95.7 84.72 74.88 113.25 54.04 89.22 79.06 83.23 79.94 81.38 26 90.87 93.65 92.39 76.07 92.32 102 77.57 72.04 0 52.42 
35.92 18.52 26.78 66.91 46.23 21.95 19.91 31.3 56.66 27.03 41.74 49.23 31.28 44.47 15.55 17.75 23.85 36.33 30.96 31.79 25.47 18.93 36.1 36.77 17.05 52.83 48.34 29.5 34.6 35.78 40.37 41.89 15.88 35.79 53.51 37.42 45.64 35.08 52.3 36.8 44.62 52.42 0 
