87
13
4
367.990000
1 5 18 14 0 4 22 13 9 0 26 29 25 21 0 44 40 36 32 0 37 33 42 38 0 35 31 27 23 0 2 30 3 43 0 16 12 8 7 0 34 17 15 11 0 39 10 6 20 0 41 28 24 19 0 0 0 0 0 0 0 0 0 0 0 0 0 0 0 0 0 0 0 0 0 0 0 0 0 0 0 0 0 0 0 0 0 
0 10.24 4.3 19.88 43.47 27.42 13.57 35.39 17.93 14.09 4.79 22.32 10.6 23.04 10.9 13.83 7.63 7.54 14.05 3.58 18.24 21.66 21.77 7.8 0.81 8.76 14.61 17.67 17.64 3.2 2.53 1.42 1.63 0.72 15.96 9.11 4.66 4.53 12.16 12.11 11 12.63 0.99 7.99 1.62 
10.24 0 8.6 29.37 25.48 36.78 0.82 18.81 11.49 7.55 18.26 11.45 11.3 6.46 12.43 27.06 9.18 21.95 27.66 17.1 25.38 26.02 11.4 13.24 11.35 16.47 27.73 30.77 32.63 15.52 16.07 12.6 12.26 11.81 29.15 10.65 18.16 8.6 23.11 23.16 12.54 25.79 10.98 15.71 13.16 
4.3 8.6 0 25.7 40.28 21.6 10.12 32.17 19.18 9.2 7.23 18.41 16.33 20.54 5.62 19.72 2.55 13.51 16.92 9.62 24.07 27.43 20.65 13.76 3.45 15.26 17.31 23.5 14.73 9.23 5.53 4.27 6.47 4.24 18.99 3.81 9.81 10.21 11.47 11.52 4.88 15.01 3.53 14.5 4.84 
19.88 29.37 25.7 0 70.57 53.76 28.29 58.73 32.49 37.48 27.77 47.42 16.83 43.48 33.56 5.71 30.11 8.96 27.54 13.32 1.75 16.4 37.31 14.01 20.6 14.79 27.75 69.52 42.08 15.91 20.09 21.81 19.74 15.51 25.53 31.56 16.81 16.38 35.15 35.09 33.61 35.55 20.04 14.15 21.43 
43.47 25.48 40.28 70.57 0 53.47 27.42 48.12 39.14 29.24 47.08 24.18 39.31 17.87 34.75 66.66 36.21 60.54 57.75 54.73 71.48 72.09 38.72 56.91 47.89 60.74 58.66 69.52 42.98 55.6 51.81 49.29 49.02 48.52 60.81 33.83 56.06 51.38 49.02 48.96 38.65 57.83 47.34 59.88 49.9 
27.42 36.78 21.6 53.76 53.47 0 35.74 70.71 54.19 21.4 15.35 23.68 39.84 49.26 15.74 50.64 23.61 36.81 24.49 35.67 54.67 58.89 55.9 42.13 25.13 39.67 20.64 41.63 2.46 32.29 24.64 23.83 29.75 27.7 22.83 16.45 29.3 46.24 10.7 10.64 13.25 14.61 26.66 38.84 23.28 
13.57 0.82 10.12 28.29 27.42 35.74 0 21.58 10.5 7.58 18.7 13.86 9.96 9.32 12.91 27.45 9.67 21.4 33.44 16.82 24.06 24.71 12 11.9 11.82 15.14 33.37 31.09 32.84 14.06 16.52 13.07 10.02 12.28 29.53 11.14 18.6 7.25 23.53 25.73 13.01 26.2 9.17 14.37 13.62 
35.39 18.81 32.17 58.73 48.12 70.71 21.58 0 18.29 35.61 46.49 38.29 33.83 25.48 39.26 57.37 35.22 51.13 57.44 45.21 56.05 33.93 13.11 41.13 38.24 45.06 57.74 61.83 64.08 43.59 43.93 39.68 39.8 38.87 60.06 37.14 46.56 35.47 54.86 54.81 39.31 55.22 37.69 44.17 40.3 
17.93 11.49 19.18 32.49 39.14 54.19 10.5 18.29 0 26.15 25.4 29.47 9.91 17.15 30.23 36.95 25.45 26.48 45.5 22 29.11 14.77 1.22 17.13 18.77 20.32 45.46 36.67 49.71 19.86 23.44 19.98 15.89 19.3 40.88 28.52 25.47 12.23 32.3 32.25 30.31 32.7 14.95 19.57 20.52 
14.09 7.55 9.2 37.48 29.24 21.4 7.58 35.61 26.15 0 13.43 3.61 22.82 13.09 2.13 29.4 4.16 24.34 22.65 19.54 34.14 33.86 24.66 21.65 13.85 24.84 23.22 31.97 21.82 20.31 17.48 15.08 15.3 14.3 24.8 1.87 20.59 17.08 16.37 16.42 3.17 21.09 13.48 24.09 15.84 
4.79 18.26 7.23 27.77 47.08 15.35 18.7 46.49 25.4 13.43 0 19.85 18.11 27.87 8.91 21.42 13.47 14.4 8.51 11.51 24.76 28.77 29.25 15.62 3.44 16.61 4.47 18.1 6.61 11.12 2.9 2.17 8.37 6.16 6.64 8.91 7.11 12.17 2 1.98 5.62 2.44 5.08 15.86 1.95 
22.32 11.45 18.41 47.42 24.18 23.68 13.86 38.29 29.47 3.61 19.85 0 29.29 11.13 6.43 37.82 13.14 31.72 30.33 27 43.15 44.3 29.73 29.39 21.4 32.41 30.91 41.51 20.73 27.75 25.29 22.61 22.57 21.86 32.51 6.35 28.04 23.53 20.13 20.18 6.87 28.8 21.03 31.7 23.15 
10.6 11.3 16.33 16.83 39.31 39.84 9.96 33.83 9.91 22.82 18.11 29.29 0 20.97 24.23 18.61 21.06 12.15 20.67 6.57 14.84 7.28 14.66 3.89 9.51 4.71 22.18 22.05 30.72 6.24 10.42 10.43 4.43 5.82 20.68 22.5 12.46 1.62 25.47 25.42 24.32 26.82 7.39 4.05 11 
23.04 6.46 20.54 43.48 17.87 49.26 9.32 25.48 17.15 13.09 27.87 11.13 20.97 0 15.52 42.86 15.94 32.82 33.66 28.34 36.27 36.98 14.67 23.52 24.55 26.68 34.54 45.74 35.99 25.71 28.31 25.74 22.55 25 36.71 13.75 31.79 18.98 31.4 31.35 15.62 31.79 21.66 25.94 26.28 
10.9 12.43 5.62 33.56 34.75 15.74 12.91 39.26 30.23 2.13 8.91 6.43 24.23 15.52 0 25.41 2.2 20.29 18.69 15.44 29.7 32.43 23.17 19.5 9.69 21.01 19.26 27.93 12.6 16.22 13.23 10.94 12.58 10.15 20.84 0.41 16.5 15.27 10.5 10.55 0.78 14.98 9.32 20.27 11.5 
13.83 27.06 19.72 5.71 66.66 50.64 27.45 57.37 36.95 29.4 21.42 37.82 18.61 42.86 25.41 0 24.59 3.19 22.03 7.6 1.72 17.22 36.19 12.99 14.96 10.75 22.22 1.74 35.14 10.23 14.45 15.01 13.87 9.81 19.94 26.05 11.14 15.61 29.25 29.2 27.84 29.83 14.39 9.98 15.85 
7.63 9.18 2.55 30.11 36.21 23.61 9.67 35.22 25.45 4.16 13.47 13.14 21.06 15.94 2.2 24.59 0 14.91 20.76 11.04 25.44 28.2 18.84 15.16 5.23 16.66 21.33 24.88 17.67 11.83 9.56 6.5 8.16 5.69 22.9 1.5 12.11 10.87 14.44 14.49 2.02 18.87 4.87 15.91 7.07 
7.54 21.95 13.51 8.96 60.54 36.81 21.4 51.13 26.48 24.34 14.4 31.72 12.15 32.82 20.29 3.19 14.91 0 13.38 1.49 5.27 12.42 29.8 5.61 7.56 3.28 13.54 6.87 25.94 2.18 6.68 7.07 5.9 2.32 11.63 20.62 3.1 9.78 20.59 20.54 22.45 21.03 6.98 2.49 7.92 
14.05 27.66 16.92 27.54 57.75 24.49 33.44 57.44 45.5 22.65 8.51 30.33 20.67 33.66 18.69 22.03 20.76 13.38 0 5.22 19.39 22.3 38.15 9.42 5.52 10.01 1.89 12.66 17.11 6.02 1.85 5.15 7.5 3.94 2.81 14.22 1.64 11.51 10.24 10.19 16.09 10.43 8.91 9.24 4.56 
3.58 17.1 9.62 13.32 54.73 35.67 16.82 45.21 22 19.54 11.51 27 6.57 28.34 15.44 7.6 11.04 1.49 5.22 0 10.77 12.11 27.06 1.96 2.77 1.46 10.71 10.24 23.47 0.84 3.31 3.72 2.01 1.26 8.3 15.52 1.4 4.86 18.07 18.02 17.38 18.51 3.49 1.16 4.3 
18.24 25.38 24.07 1.75 71.48 54.67 24.06 56.05 29.11 34.14 24.76 43.15 14.84 36.27 29.7 1.72 25.44 5.27 19.39 10.77 0 15.23 33.42 10.69 20.51 11.48 25.07 4.09 38.38 14.52 18.54 19.24 17.16 14.67 22.73 31.46 15.04 13.08 31.97 31.93 33.42 32.37 19.95 10.83 22.26 
21.66 26.02 27.43 16.4 72.09 58.89 24.71 33.93 14.77 33.86 28.77 44.3 7.28 36.98 32.43 17.22 28.2 12.42 22.3 12.11 15.23 0 16.62 8.22 20.79 9.02 27.08 21.67 47.32 14.11 20.17 22 15.25 15.73 24.85 31.69 16.7 11.5 34.45 34.39 33.56 34.86 18.43 8.37 21.4 
21.77 11.4 20.65 37.31 38.72 55.9 12 13.11 1.22 24.66 29.25 29.73 14.66 14.67 23.17 36.19 18.84 29.8 38.15 27.06 33.42 16.62 0 18.81 20.75 22.02 38.11 39.3 47.79 21.04 25.43 21.96 17.83 20.66 38.92 24.98 27.5 14.21 34.53 34.47 26.78 34.94 16.94 21.26 22.5 
7.8 13.24 13.76 14.01 56.91 42.13 11.9 41.13 17.13 21.65 15.62 29.39 3.89 23.52 19.5 12.99 15.16 5.61 9.42 1.96 10.69 8.22 18.81 0 6.56 1.43 15.13 16.33 28.64 1.93 7.2 7.5 2.34 2.84 13.71 20.74 3.62 2.49 23.32 23.27 22.56 23.75 4.56 1.17 8.07 
0.81 11.35 3.45 20.6 47.89 25.13 11.82 38.24 18.77 13.85 3.44 21.4 9.51 24.55 9.69 14.96 5.23 7.56 5.52 2.77 20.51 20.79 20.75 6.56 0 6.76 10.84 15.69 16.22 2.07 1.3 0.38 2 0.67 12.99 10.6 2.06 5.51 10.73 10.68 12.48 11.2 1.37 5.98 0.59 
8.76 16.47 15.26 14.79 60.74 39.67 15.14 45.06 20.32 24.84 16.61 32.41 4.71 26.68 21.01 10.75 16.66 3.28 10.01 1.46 11.48 9.02 22.02 1.43 6.76 0 14.42 12.61 26.82 2.55 7.75 8.54 3.56 3.82 11.99 20.21 4.14 4.05 21.47 21.42 22.03 21.9 6.2 0.61 9.39 
14.61 27.73 17.31 27.75 58.66 20.64 33.37 57.74 45.46 23.22 4.47 30.91 22.18 34.54 19.26 22.22 21.33 13.54 1.89 10.71 25.07 27.08 38.11 15.13 10.84 14.42 0 16.44 20.84 9.86 5.05 9 11.32 7.8 1.96 18.01 4.45 15.3 15.41 15.36 19.86 14.24 12.73 13.06 8.41 
17.67 30.77 23.5 42.08 69.52 41.63 31.09 61.83 36.67 31.97 18.1 41.51 22.05 45.74 27.93 1.74 24.88 6.87 12.66 10.24 4.09 21.67 39.3 16.33 15.69 12.61 16.44 0 36.02 13.4 10.83 14.7 17.01 12.99 15.1 27.07 7.26 20.65 24.41 24.37 28.87 24.84 17.53 13.17 14.13 
17.64 32.63 14.73 42.08 42.98 2.46 32.84 64.08 49.71 21.82 6.61 20.73 30.72 35.99 12.6 35.14 17.67 25.94 17.11 23.47 38.38 47.32 47.79 28.64 16.22 26.82 20.84 36.02 0 23.74 15.85 15.02 21.11 18.99 14.71 12.49 19.9 24.76 2.12 2.1 9.24 5.53 17.93 28.39 14.46 
3.2 15.52 9.23 15.91 55.6 32.29 14.06 43.59 19.86 20.31 11.12 27.75 6.24 25.71 16.22 10.23 11.83 2.18 6.02 0.84 14.52 14.11 21.04 1.93 2.07 2.55 9.86 13.4 23.74 0 1.92 2.17 1.34 0.82 12.03 13.38 1.66 1.95 16.66 16.61 15.24 17.11 1.86 2.21 2.37 
2.53 16.07 5.53 20.09 51.81 24.64 16.52 43.93 23.44 17.48 2.9 25.29 10.42 28.31 13.23 14.45 9.56 6.68 1.85 3.31 18.54 20.17 25.43 7.2 1.3 7.75 5.05 10.83 15.85 1.92 0 0.92 3.77 1.94 10.8 12.43 1.75 9.22 9.41 9.36 12.18 9.89 2.07 9.63 0.69 
1.42 12.6 4.27 21.81 49.29 23.83 13.07 39.68 19.98 15.08 2.17 22.61 10.43 25.74 10.94 15.01 6.5 7.07 5.15 3.72 19.24 22 21.96 7.5 0.38 8.54 9 14.7 15.02 2.17 0.92 0 2.1 1.05 12.49 11.04 2.37 5.96 9.32 9.26 11.44 9.79 1.46 7.7 0.2 
1.63 12.26 6.47 19.74 49.02 29.75 10.02 39.8 15.89 15.3 8.37 22.57 4.43 22.55 12.58 13.87 8.16 5.9 7.5 2.01 17.16 15.25 17.83 2.34 2 3.56 11.32 17.01 21.11 1.34 3.77 2.1 0 1.07 15.91 11.81 4.23 1.82 15.11 15.06 13.68 15.57 0.78 2.38 2.41 
0.72 11.81 4.24 15.51 48.52 27.7 12.28 38.87 19.3 14.3 6.16 21.86 5.82 25 10.15 9.81 5.69 2.32 3.94 1.26 14.67 15.73 20.66 2.84 0.67 3.82 7.8 12.99 18.99 0.82 1.94 1.05 1.07 0 11.81 10.35 1.56 4.14 13.67 13.62 12.23 14.13 1.05 3.77 1.6 
15.96 29.15 18.99 25.53 60.81 22.83 29.53 60.06 40.88 24.8 6.64 32.51 20.68 36.71 20.84 19.94 22.9 11.63 2.81 8.3 22.73 24.85 38.92 13.71 12.99 11.99 1.96 15.1 14.71 12.03 10.8 12.49 15.91 11.81 0 25.35 8.93 19.64 8.7 8.65 19.6 8.04 17.11 15.15 12.56 
9.11 10.65 3.81 31.56 33.83 16.45 11.14 37.14 28.52 1.87 8.91 6.35 22.5 13.75 0.41 26.05 1.5 20.62 14.22 15.52 31.46 31.69 24.98 20.74 10.6 20.21 18.01 27.07 12.49 13.38 12.43 11.04 11.81 10.35 25.35 0 16.73 15.51 10.7 10.75 0.91 15.17 9.56 20.49 11.74 
4.66 18.16 9.81 16.81 56.06 29.3 18.6 46.56 25.47 20.59 7.11 28.04 12.46 31.79 16.5 11.14 12.11 3.1 1.64 1.4 15.04 16.7 27.5 3.62 2.06 4.14 4.45 7.26 19.9 1.66 1.75 2.37 4.23 1.56 8.93 16.73 0 7.25 12.93 12.88 17.78 13.4 4.61 3.79 1.58 
4.53 8.6 10.21 16.38 51.38 46.24 7.25 35.47 12.23 17.08 12.17 23.53 1.62 18.98 15.27 15.61 10.87 9.78 11.51 4.86 13.08 11.5 14.21 2.49 5.51 4.05 15.3 20.65 24.76 1.95 9.22 5.96 1.82 4.14 19.64 15.51 7.25 0 18.74 18.68 17.51 19.18 1.7 5.42 6.47 
12.16 23.11 11.47 35.15 49.02 10.7 23.53 54.86 32.3 16.37 2 20.13 25.47 31.4 10.5 29.25 14.44 20.59 10.24 18.07 31.97 34.45 34.53 23.32 10.73 21.47 15.41 24.41 2.12 16.66 9.41 9.32 15.11 13.67 8.7 10.7 12.93 18.74 0 0.01 6.41 1.29 11.52 22.15 7.98 
12.11 23.16 11.52 35.09 48.96 10.64 25.73 54.81 32.25 16.42 1.98 20.18 25.42 31.35 10.55 29.2 14.49 20.54 10.19 18.02 31.93 34.39 34.47 23.27 10.68 21.42 15.36 24.37 2.1 16.61 9.36 9.26 15.06 13.62 8.65 10.75 12.88 18.68 0.01 0 6.36 1.31 11.57 22.2 8.04 
11 12.54 4.88 33.61 38.65 13.25 13.01 39.31 30.31 3.17 5.62 6.87 24.32 15.62 0.78 27.84 2.02 22.45 16.09 17.38 33.42 33.56 26.78 22.56 12.48 22.03 19.86 28.87 9.24 15.24 12.18 11.44 13.68 12.23 19.6 0.91 17.78 17.51 6.41 6.36 0 12.01 11.28 22.16 12.18 
12.63 25.79 15.01 35.55 57.83 14.61 26.2 55.22 32.7 21.09 2.44 28.8 26.82 31.79 14.98 29.83 18.87 21.03 10.43 18.51 32.37 34.86 34.94 23.75 11.2 21.9 14.24 24.84 5.53 17.11 9.89 9.79 15.57 14.13 8.04 15.17 13.4 19.18 1.29 1.31 12.01 0 6.22 16.97 2.64 
0.99 10.98 3.53 20.04 47.34 26.66 9.17 37.69 14.95 13.48 5.08 21.03 7.39 21.66 9.32 14.39 4.87 6.98 8.91 3.49 19.95 18.43 16.94 4.56 1.37 6.2 12.73 17.53 17.93 1.86 2.07 1.46 0.78 1.05 17.11 9.56 4.61 1.7 11.52 11.57 11.28 6.22 0 5.71 2.05 
7.99 15.71 14.5 14.15 59.88 38.84 14.37 44.17 19.57 24.09 15.86 31.7 4.05 25.94 20.27 9.98 15.91 2.49 9.24 1.16 10.83 8.37 21.26 1.17 5.98 0.61 13.06 13.17 28.39 2.21 9.63 7.7 2.38 3.77 15.15 20.49 3.79 5.42 22.15 22.2 22.16 16.97 5.71 0 8.95 
1.62 13.16 4.84 21.43 49.9 23.28 13.62 40.3 20.52 15.84 1.95 23.15 11 26.28 11.5 15.85 7.07 7.92 4.56 4.3 22.26 21.4 22.5 8.07 0.59 9.39 8.41 14.13 14.46 2.37 0.69 0.2 2.41 1.6 12.56 11.74 1.58 6.47 7.98 8.04 12.18 2.64 2.05 8.95 0 
