65
13
4
876.700000
20 18 30 32 0 22 19 21 4 0 25 16 29 15 0 10 7 9 5 0 6 2 27 28 0 23 1 14 26 0 24 17 12 3 0 11 31 8 13 0 33 0 0 0 0 0 0 0 0 0 0 0 0 0 0 0 0 0 0 0 0 0 0 0 0 
0 74.46 80.45 93.06 87.76 78.02 70.55 69.91 99.08 78.15 69.26 91.14 87.98 92.63 86.12 77.14 65.82 90.31 49.74 73.42 21.65 77.92 58.35 71.36 82.26 63.45 87.64 71.29 71.29 73.84 64.98 97.29 69.15 103.96 
74.46 0 20.34 16.74 42.65 4.62 33.52 6.8 26.71 9.27 4.24 36.09 13.9 38.33 4.96 29.59 22.92 15.67 38.98 64.67 49.52 54.8 55.18 1.99 22.23 19.3 13.55 7.46 7.46 30.87 41.89 28.41 41.93 20.45 
80.45 20.34 0 40.24 70.64 25.1 9.03 27.95 51.31 30.37 20.55 62.6 34.53 64.69 31.33 55.29 46.75 37.14 61.14 85.88 52.65 76.73 75.08 18.46 45.65 42.76 34.13 12.66 12.66 56.78 62.81 54.34 67.07 48.53 
93.06 16.74 40.24 0 20.96 10.84 61.77 15.9 6.09 11.44 16.77 15.58 1.74 17.56 4.98 14.56 27.57 1.26 43.21 42.55 70.49 30.59 39.64 19.29 8.54 27.25 1.63 26.74 26.74 21.67 31.18 8.72 25.2 3.69 
87.76 42.65 70.64 20.96 0 31.45 80.88 27.22 8.68 29.57 35.32 1.59 21.5 1.94 29.13 9.41 21.51 19.72 31.99 25.72 58.77 13.56 27.77 40.71 15.29 22.26 21.5 57.56 57.56 14.49 20.78 7 13.7 26.87 
78.02 4.62 25.1 10.84 31.45 0 47.77 3.4 15.98 1.48 4.5 25.28 2.62 27.19 1.36 25.16 16 4.85 37.25 58.87 56.87 53.59 45.44 7.4 11.41 17.99 2.26 15.8 15.8 24.56 33.87 18.54 36.08 14.57 
70.55 33.52 9.03 61.77 80.88 47.77 0 36.23 60.75 40.05 31.18 83.68 50.58 85.22 51.48 58.98 57.99 53.09 63.11 86.79 46.86 79.91 71.72 32.14 49.98 45.47 50.19 26.49 26.49 60.44 66.1 63.7 70.32 73.18 
69.91 6.8 27.95 15.9 27.22 3.4 36.23 0 19.43 1.8 1.81 26.15 10.78 27.53 8.34 18.91 12.15 12.97 27.16 51.58 45.44 41.62 41.21 7.17 10.42 7.93 10.43 17.65 17.65 20.24 29.23 21.97 29.46 22.46 
99.08 26.71 51.31 6.09 8.68 15.98 60.75 19.43 0 18.94 24.21 5.98 10.63 8.03 19.56 18.24 31.14 8.79 46.5 40.46 71.91 26.5 39.78 28.65 10.47 30.82 10.62 39.99 39.99 25.28 33.7 1.35 24.4 18.41 
78.15 9.27 30.37 11.44 29.57 1.48 40.05 1.8 18.94 0 8.13 20.61 1.96 22.56 3.24 18.65 13.84 4.6 28.84 51.71 53.38 37.08 39.84 15 6.58 12.38 1.75 23.51 23.51 19.92 29.36 13.8 30.97 14.32 
69.26 4.24 20.55 16.77 35.32 4.5 31.18 1.81 24.21 8.13 0 28.16 10.21 30.05 8.67 22.76 16.03 12.41 30.93 56.35 43.76 46.41 46.02 5.07 14.35 12.75 9.86 15.52 15.52 24.08 33.3 21.45 33.38 21.94 
91.14 36.09 62.6 15.58 1.59 25.28 83.68 26.15 5.98 20.61 28.16 0 13.88 1.78 21.7 12.47 26.03 12.05 38.77 30.62 64.45 20.34 32.2 31.8 9.53 25.07 13.87 44.07 44.07 19.61 27.33 1.23 18.22 19.03 
87.98 13.9 34.53 1.74 21.5 2.62 50.58 10.78 10.63 1.96 10.21 13.88 0 19.65 3.01 17.56 19.93 0.79 34.92 48.1 64.48 33.46 35.68 14.99 3.19 24.8 0.09 23.28 23.28 16.63 26.13 10.85 28.11 6.39 
92.63 38.33 64.69 17.56 1.94 27.19 85.22 27.53 8.03 22.56 30.05 1.78 19.65 0 25.44 10.3 23.4 15.9 36.25 30.85 62.01 18.37 30.26 36.15 11.57 23.07 17.7 50.23 50.23 17.47 25.37 3.07 16.23 22.81 
86.12 4.96 31.33 4.98 29.13 1.36 51.48 8.34 19.56 3.24 8.67 21.7 3.01 25.44 0 24.7 26.14 4.13 42.59 58.24 62.82 42.11 52.38 12.12 11.52 22.94 2.19 16.78 16.78 24.64 33.93 17.26 35.45 9.07 
77.14 29.59 55.29 14.56 9.41 25.16 58.98 18.91 18.24 18.65 22.76 12.47 17.56 10.3 24.7 0 10.18 15.45 23.63 22.23 47.3 13.76 18.06 30.12 7.53 9.84 15.17 42.68 42.68 1.83 10.92 15.6 4.59 21.62 
65.82 22.92 46.75 27.57 21.51 16 57.99 12.15 31.14 13.84 16.03 26.03 19.93 23.4 26.14 10.18 0 25.1 13.92 32.88 35.64 25.12 26.19 20.38 10.17 1.9 24.39 30.71 30.71 7.61 14.62 25.58 15.96 34.86 
90.31 15.67 37.14 1.26 19.72 4.85 53.09 12.97 8.79 4.6 12.41 12.05 0.79 15.9 4.13 15.45 25.1 0 37.7 45.4 67.25 31.29 40.58 17.56 3.05 21.85 1.02 25.8 25.8 16.18 31.89 8.78 25.91 4.06 
49.74 38.98 61.14 43.21 31.99 37.25 63.11 27.16 46.5 28.84 30.93 38.77 34.92 36.25 42.59 23.63 13.92 37.7 0 22.42 23.07 21.43 10.53 37.35 27.06 15.83 42.45 50.4 50.4 18.07 9.47 39.27 14.2 54.71 
73.42 64.67 85.88 42.55 25.72 58.87 86.79 51.58 40.46 51.71 56.35 30.62 48.1 30.85 58.24 22.23 32.88 45.4 22.42 0 45.08 4.52 11.5 68.81 33.39 35.14 48.82 74.9 74.9 23.22 19.08 34.16 12.5 58.29 
21.65 49.52 52.65 70.49 58.77 56.87 46.86 45.44 71.91 53.38 43.76 64.45 64.48 62.01 62.82 47.3 35.64 67.25 23.07 45.08 0 52.24 28.49 45.39 57.07 36.18 62.58 45.58 45.58 48.11 38.72 72.65 43.12 79.64 
77.92 54.8 76.73 30.59 13.56 53.59 79.91 41.62 26.5 37.08 46.41 20.34 33.46 18.37 42.11 13.76 25.12 31.29 21.43 4.52 52.24 0 16.21 52.79 25.82 27.06 32.89 65.53 65.53 15.67 8.97 21.64 4.54 42.13 
58.35 55.18 75.08 39.64 27.77 45.44 71.72 41.21 39.78 39.84 46.02 32.2 35.68 30.26 52.38 18.06 26.19 40.58 10.53 11.5 28.49 16.21 0 53.11 28.87 32.13 54.32 72.79 72.79 18.84 6.68 40.53 10.48 64.23 
71.36 1.99 18.46 19.29 40.71 7.4 32.14 7.17 28.65 15 5.07 31.8 14.99 36.15 12.12 30.12 20.38 17.56 37.35 68.81 45.39 52.79 53.11 0 19.16 16.62 10.03 8.59 8.59 28.23 38.53 25.99 38.59 22.08 
82.26 22.23 45.65 8.54 15.29 11.41 49.98 10.42 10.47 6.58 14.35 9.53 3.19 11.57 11.52 7.53 10.17 3.05 27.06 33.39 57.07 25.82 28.87 19.16 0 14.36 2.2 30.21 30.21 10.13 19.8 10.12 19.4 11.88 
63.45 19.3 42.76 27.25 22.26 17.99 45.47 7.93 30.82 12.38 12.75 25.07 24.8 23.07 22.94 9.84 1.9 21.85 15.83 35.14 36.18 27.06 32.13 16.62 14.36 0 23.16 29.47 29.47 10.85 16.65 28.63 19.18 38.52 
87.64 13.55 34.13 1.63 21.5 2.26 50.19 10.43 10.62 1.75 9.86 13.87 0.09 17.7 2.19 15.17 24.39 1.02 42.45 48.82 62.58 32.89 54.32 10.03 2.2 23.16 0 22.93 22.93 16.27 25.78 10.48 27.77 6.76 
71.29 7.46 12.66 26.74 57.56 15.8 26.49 17.65 39.99 23.51 15.52 44.07 23.28 50.23 16.78 42.68 30.71 25.8 50.4 74.9 45.58 65.53 72.79 8.59 30.21 29.47 22.93 0 0 39.3 50.45 36.07 50.46 32.83 
71.29 7.46 12.66 26.74 57.56 15.8 26.49 17.65 39.99 23.51 15.52 44.07 23.28 50.23 16.78 42.68 30.71 25.8 50.4 74.9 45.58 65.53 72.79 8.59 30.21 29.47 22.93 0 0 39.3 50.45 36.07 50.46 32.83 
73.84 30.87 56.78 21.67 14.49 24.56 60.44 20.24 25.28 19.92 24.08 19.61 16.63 17.47 24.64 1.83 7.61 16.18 18.07 23.22 48.11 15.67 18.84 28.23 10.13 10.85 16.27 39.3 39.3 0 11.69 16.4 10.82 21.9 
64.98 41.89 62.81 31.18 20.78 33.87 66.1 29.23 33.7 29.36 33.3 27.33 26.13 25.37 33.93 10.92 14.62 31.89 9.47 19.08 38.72 8.97 6.68 38.53 19.8 16.65 25.78 50.45 50.45 11.69 0 27.22 2.15 41.68 
97.29 28.41 54.34 8.72 7 18.54 63.7 21.97 1.35 13.8 21.45 1.23 10.85 3.07 17.26 15.6 25.58 8.78 39.27 34.16 72.65 21.64 40.53 25.99 10.12 28.63 10.48 36.07 36.07 16.4 27.22 0 22.04 16.35 
69.15 41.93 67.07 25.2 13.7 36.08 70.32 29.46 24.4 30.97 33.38 18.22 28.11 16.23 35.45 4.59 15.96 25.91 14.2 12.5 43.12 4.54 10.48 38.59 19.4 19.18 27.77 50.46 50.46 10.82 2.15 22.04 0 35.62 
103.96 20.45 48.53 3.69 26.87 14.57 73.18 22.46 18.41 14.32 21.94 19.03 6.39 22.81 9.07 21.62 34.86 4.06 54.71 58.29 79.64 42.13 64.23 22.08 11.88 38.52 6.76 32.83 32.83 21.9 41.68 16.35 35.62 0 
