65
13
4
466.720000
13 21 3 31 0 12 24 18 8 0 7 22 23 11 0 1 32 25 20 0 33 28 14 26 0 16 10 5 6 0 2 9 15 30 0 27 19 29 17 0 4 0 0 0 0 0 0 0 0 0 0 0 0 0 0 0 0 0 0 0 0 0 0 0 0 
0 9.88 17.66 12.91 56.88 14.38 15.58 9.65 10.31 22.3 13.35 13.45 6.13 5.78 20.27 24.74 12.75 34.59 6.53 33.71 29.92 11.21 19.16 15.99 6.23 26.1 24.04 22.2 15.45 53.69 31.29 14.61 15.38 11.74 
9.88 0 15.52 2.89 43.48 10.46 13.42 23.77 19.01 19.35 9.43 22.08 17.44 2.42 20.44 21.35 8.83 31.91 17.87 44.33 16.02 6.22 34.47 29.27 17.58 12.58 20.64 36.65 28.84 61.88 39.59 7.41 2.26 21.91 
17.66 15.52 0 6.17 54.18 0.94 0.82 18.05 4.48 1.32 1.19 7.66 11.24 10.78 7.76 5.58 1.57 14.14 11.68 36.87 22.86 3.44 26.02 22.09 11.38 18.11 4.86 40.16 21.68 43.18 21.97 4.94 18.32 15.56 
12.91 2.89 6.17 0 41.09 2.95 4.66 25.11 10.55 10.71 3.22 14.33 18.72 4.11 15.43 12.74 5.29 23.59 19.14 46.27 11.85 1.25 34.67 30.51 18.85 8.36 12.03 37.7 30.48 51.59 29.36 1.41 6.45 23.17 
56.88 43.48 54.18 41.09 0 52.87 55.2 71.39 64.18 62.17 54.05 67.64 63.97 51.61 67.8 64.64 57.43 80.41 64.48 93.4 36.43 47.77 82.33 77.98 64.11 36.3 63.78 85.58 77.25 105.75 84.73 48.76 34.91 69.09 
14.38 10.46 0.94 2.95 52.87 0 0.62 17.81 3.37 2.18 0.29 7 10.66 8.42 7.37 4.48 0.91 20.85 11.09 34.31 23.03 1.64 25.37 21.43 10.8 15.57 3.75 38.85 21.02 41.9 21.6 4.51 15.75 15.68 
15.58 13.42 0.82 4.66 55.2 0.62 0 17.75 4.17 1.63 0.98 7.35 10.94 10.47 7.45 5.27 1.57 15.58 11.37 36.5 21.8 2.32 25.73 21.79 11.08 17.04 4.55 39.79 21.38 42.81 21.68 6.01 17.24 15.26 
9.65 23.77 18.05 25.11 71.39 17.81 17.75 0 10.56 22.55 16.04 13.7 6.18 19.36 20.52 24.24 15.54 42.79 6.78 26.36 45.32 24.67 2.96 5.74 6.47 40.6 23.55 18.46 9.58 41.04 25.85 27.93 27.66 9.64 
10.31 19.01 4.48 10.55 64.18 3.37 4.17 10.56 0 6.29 2.16 1.03 1.61 7.22 4.69 8.49 1.55 24.18 1.68 25.38 31.17 10.75 16.97 12.94 1.68 27.84 7.77 31.69 12.54 33.14 18.26 14.47 21.58 6.18 
22.3 19.35 1.32 10.71 62.17 2.18 1.63 22.55 6.29 0 3.19 7.08 11.05 16.18 6.9 4.69 6.07 13.61 11.48 34.71 21.29 8.48 25.59 21.65 11.19 21.11 3.52 46.24 21.24 33.93 21.69 8.33 23.19 15.11 
13.35 9.43 1.19 3.22 54.05 0.29 0.98 16.04 2.16 3.19 0 5.94 9.53 6.37 6 5.51 0.62 21.84 9.97 33.08 24.01 1.88 24.37 20.42 9.68 20.61 4.79 36.33 20.01 43.08 20.28 5.54 16.75 14.24 
13.45 22.08 7.66 14.33 67.64 7 7.35 13.7 1.03 7.08 5.94 0 2.04 11.13 1.9 4.69 3.76 26.74 2.1 21.47 32.81 13.77 12.99 8.91 1.76 32.25 3.97 35.68 8.51 29.66 14.6 17.32 24.16 2.08 
6.13 17.44 11.24 18.72 63.97 10.66 10.94 6.18 1.61 11.05 9.53 2.04 0 11.69 8.13 12.68 6.79 29.24 1.32 22.51 35.49 16.73 13.86 9.79 1.05 30.95 11.97 31.2 9.39 39.1 18.96 20.4 20.28 2.09 
5.78 2.42 10.78 4.11 51.61 8.42 10.47 19.36 7.22 16.18 6.37 11.13 11.69 0 11.62 13.25 1.95 23.49 15.04 38.64 17.11 0.88 30.26 26.56 14.74 13.67 12.53 32.57 27.2 52.44 25.66 2.42 6.68 19.12 
20.27 20.44 7.76 15.43 67.8 7.37 7.45 20.52 4.69 6.9 6 1.9 8.13 11.62 0 4.47 5.28 26.07 8.55 23.77 34.58 13.4 19.44 15.43 8.26 30.96 3.75 42.79 11.35 28.96 10.18 16.97 27.96 9.47 
24.74 21.35 5.58 12.74 64.64 4.48 5.27 24.24 8.49 4.69 5.51 4.69 12.68 13.25 4.47 0 6.41 19.26 12.12 31.16 28.14 8.98 23.11 19.14 11.69 27.51 0.5 47.84 18.73 32.5 16.29 12.6 23.7 12.56 
12.75 8.83 1.57 5.29 57.43 0.91 1.57 15.54 1.55 6.07 0.62 3.76 6.79 1.95 5.28 6.41 0 20.83 7.71 30.75 24.8 3.68 22.17 18.19 7.41 21.41 7.06 33.48 17.79 39.95 19.6 8.96 17.56 12 
34.59 31.91 14.14 23.59 80.41 20.85 15.58 42.79 24.18 13.61 21.84 26.74 29.24 23.49 26.07 19.26 20.83 0 37.73 67.49 31.44 18.96 50.57 48.78 37.36 30.97 25.8 59.42 51.67 61.09 49.58 17.84 31.54 37.3 
6.53 17.87 11.68 19.14 64.48 11.09 11.37 6.78 1.68 11.48 9.97 2.1 1.32 15.04 8.55 12.12 7.71 37.73 0 28.4 39.37 18.99 12.53 7.66 1.09 34.91 17.16 27.1 12.41 45.92 24.88 21.72 22.19 5.89 
33.71 44.33 36.87 46.27 93.4 34.31 36.5 26.36 25.38 34.71 33.08 21.47 22.51 38.64 23.77 31.16 30.75 67.49 28.4 0 64.88 41.96 26.24 21.96 22.41 60.36 27.94 47.64 16.72 14.32 15.73 46.06 47.05 20.75 
29.92 16.02 22.86 11.85 36.43 23.03 21.8 45.32 31.17 21.29 24.01 32.81 35.49 17.11 34.58 28.14 24.8 31.44 39.37 64.88 0 13.14 48.91 44.67 30.37 0.89 26.33 53.48 43.99 71.38 48.49 6.73 5.93 35.38 
11.21 6.22 3.44 1.25 47.77 1.64 2.32 24.67 10.75 8.48 1.88 13.77 16.73 0.88 13.4 8.98 3.68 18.96 18.99 41.96 13.14 0 30.66 25.4 14.21 18.53 7.06 33.32 26.74 45.94 24.66 3.39 14.66 18.88 
19.16 34.47 26.02 34.67 82.33 25.37 25.73 2.96 16.97 25.59 24.37 12.99 13.86 30.26 19.44 23.11 22.17 50.57 12.53 26.24 48.91 30.66 0 4.62 12.1 50.63 22.77 21.36 9 40.16 25.24 36.4 37.27 8.52 
15.99 29.27 22.09 30.51 77.98 21.43 21.79 5.74 12.94 21.65 20.42 8.91 9.79 26.56 15.43 19.14 18.19 48.78 7.66 21.96 44.67 25.4 4.62 0 2.27 40.65 20.59 24.02 10.65 42.27 26.87 27.92 27.65 9.12 
6.23 17.58 11.38 18.85 64.11 10.8 11.08 6.47 1.68 11.19 9.68 1.76 1.05 14.74 8.26 11.69 7.41 37.36 1.09 22.41 30.37 14.21 12.1 2.27 0 31.66 12.71 27.74 7.4 39.98 19.69 21.14 21.02 2.85 
26.1 12.58 18.11 8.36 36.3 15.57 17.04 40.6 27.84 21.11 20.61 32.25 30.95 13.67 30.96 27.51 21.41 30.97 34.91 60.36 0.89 18.53 50.63 40.65 31.66 0 26.15 54.98 46.38 71.02 48.15 6.57 4.21 37.81 
24.04 20.64 4.86 12.03 63.78 3.75 4.55 23.55 7.77 3.52 4.79 3.97 11.97 12.53 3.75 0.5 7.06 25.8 17.16 27.94 26.33 7.06 22.77 20.59 12.71 26.15 0 48.47 18.4 31.6 14.52 13.12 24.2 13.08 
22.2 36.65 40.16 37.7 85.58 38.85 39.79 18.46 31.69 46.24 36.33 35.68 31.2 32.57 42.79 47.84 33.48 59.42 27.1 47.64 53.48 33.32 21.36 24.02 27.74 54.98 48.47 0 30.97 60.55 50.94 38.33 38.44 31.01 
15.45 28.84 21.68 30.48 77.25 21.02 21.38 9.58 12.54 21.24 20.01 8.51 9.39 27.2 11.35 18.73 17.79 51.67 12.41 16.72 43.99 26.74 9 10.65 7.4 46.38 18.4 30.97 0 31.84 16.93 31.92 32.56 3.86 
53.69 61.88 43.18 51.59 105.75 41.9 42.81 41.04 33.14 33.93 43.08 29.66 39.1 52.44 28.96 32.5 39.95 61.09 45.92 14.32 71.38 45.94 40.16 42.27 39.98 71.02 31.6 60.55 31.84 0 19.07 53.91 66.42 34.27 
31.29 39.59 21.97 29.36 84.73 21.6 21.68 25.85 18.26 21.69 20.28 14.6 18.96 25.66 10.18 16.29 19.6 49.58 24.88 15.73 48.49 24.66 25.24 26.87 19.69 48.15 14.52 50.94 16.93 19.07 0 27.82 40.15 15.41 
14.61 7.41 4.94 1.41 48.76 4.51 6.01 27.93 14.47 8.33 5.54 17.32 20.4 2.42 16.97 12.6 8.96 17.84 21.72 46.06 6.73 3.39 36.4 27.92 21.14 6.57 13.12 38.33 31.92 53.91 27.82 0 8.1 25.31 
15.38 2.26 18.32 6.45 34.91 15.75 17.24 27.66 21.58 23.19 16.75 24.16 20.28 6.68 27.96 23.7 17.56 31.54 22.19 47.05 5.93 14.66 37.27 27.65 21.02 4.21 24.2 38.44 32.56 66.42 40.15 8.1 0 26.48 
11.74 21.91 15.56 23.17 69.09 15.68 15.26 9.64 6.18 15.11 14.24 2.08 2.09 19.12 9.47 12.56 12 37.3 5.89 20.75 35.38 18.88 8.52 9.12 2.85 37.81 13.08 31.01 3.86 34.27 15.41 25.31 26.48 0 
