113
13
4
699.960000
51 5 12 30 0 56 15 28 55 0 52 36 9 54 0 49 53 40 35 0 44 50 57 38 0 23 25 13 17 0 31 47 29 21 0 43 4 39 42 0 20 19 18 34 0 37 16 24 41 0 48 10 6 14 0 32 1 33 45 0 8 11 2 22 0 46 26 27 3 0 7 0 0 0 0 0 0 0 0 0 0 0 0 0 0 0 0 0 0 0 0 0 0 0 0 0 0 0 0 0 0 0 0 0 0 0 0 0 0 0 0 0 0 
0 24.6 38.23 64.65 17.55 1.92 27.13 75.72 25.47 7.98 22.51 29.99 1.76 19.63 25.25 10.45 23.41 15.9 35.01 30.82 18.36 30.24 36.14 11.55 23.07 17.7 50.25 50.25 17.47 25.35 2.95 16.23 22.8 38.12 22.49 12.56 6.62 20.26 10.81 21.2 14.57 29.08 23.51 16.83 9.98 27.06 34.63 16.62 20.7 9.6 32.74 1.51 6.35 9.71 8.66 12.19 3.72 12.23
24.6 0 31.81 56.79 10.25 28.06 27.15 77.32 31.92 18.42 29.05 35.7 22.68 16.01 18.37 27.36 42.17 13.51 58.87 61.66 45.14 55.81 33.03 23 41.77 16.36 35.93 35.93 34.72 46.26 16.16 38.89 3.78 13.48 41.25 9.51 16.49 38.48 12.09 11.79 12.14 51.27 14.55 13.48 32.2 31.66 56.99 35.88 25.82 12.59 48.9 25.72 19.89 11.29 17.26 29.61 28.64 7.95
38.23 31.81 0 23.17 16.66 42.58 4.59 38.98 6.81 26.68 9.24 4.25 36 13.88 4.92 29.55 22.88 15.6 38.97 64.64 54.78 55.14 2 22.22 19.26 13.51 7.51 7.51 30.86 42.6 28.35 41.87 21.33 10.84 19.17 27.82 24.12 17.08 22.1 14.08 30.44 16.09 9.9 15.57 44.96 3.29 24.5 38.86 12.12 25.31 61.62 34.36 28.3 25.27 29.81 23.19 44.13 19.1
64.65 56.79 23.17 0 40.2 70.61 25.08 8.99 27.96 51.28 30.35 23.9 62.56 34.51 31.25 55.26 46.72 37.1 62.92 85.86 76.73 75.06 18.45 45.64 42.72 34.1 12.66 12.66 56.77 62.8 53.55 67.07 48.6 38.87 42.2 65.78 48.18 39.76 48.74 41.11 65.52 30.06 36.93 38.37 72.83 23.84 29.93 64.55 33.44 55.59 88.96 61.32 53.31 55.41 60.7 50.85 69.8 47.02
17.55 10.25 16.66 40.2 0 20.96 10.85 60.04 15.83 6.12 11.44 16.79 15.58 1.6 4.78 14.55 27.59 1.26 43.22 44.39 30.58 40.14 18.41 7.57 25.03 1.63 26.75 26.75 21.69 31.14 8.09 25.16 3.64 19.43 26.8 10.15 3.42 24.48 3.63 1.72 12.1 27.69 2.94 0.6 24.4 10.08 35.22 22.7 9.5 7.8 38.84 13.68 6.9 8.88 13.62 15.16 21.6 2.17
1.92 28.06 42.58 70.61 20.96 0 31.47 73.34 27.11 8.64 29.48 37.65 1.58 21.5 28.96 9.35 21.48 19.72 31.97 28.3 13.56 27.71 40.71 15.27 22.24 21.5 57.56 57.56 14.41 20.72 6.89 13.66 26.85 42.71 21.78 16.4 10.52 19.42 14.67 24.95 18.4 29.62 27.23 20.64 14.18 30.68 36.71 14.04 24.32 13.48 38.59 1.7 10.04 13.59 12.87 11.66 1.9 16.08
27.13 27.15 4.59 25.08 10.85 31.47 0 45.88 3.32 15.95 1.47 4.53 25.23 2.63 1.36 25.1 16.18 4.84 31.55 58.82 53.07 52.52 6.47 11.42 12.91 2.25 15.82 15.82 24.64 33.92 17.88 35.99 14.51 10.47 12.44 21.14 13.32 10.06 14.79 6.97 23.05 15.82 4.78 5.96 34.05 1.37 23.21 33.01 1.85 19.51 50.78 24.24 17.61 19.48 23.85 14.34 31.14 13.26
75.72 77.32 38.98 8.99 60.04 73.34 45.88 0 36.16 60.71 40 31.14 74.24 50.55 53.24 58.93 50.49 53.04 63.09 86.77 80.86 71.71 32.1 49.94 45.41 50.15 26.46 26.46 60.41 66.08 62.91 70.31 71.2 56.24 46.03 72.25 57.69 43.62 64.88 56.89 74.57 32.56 54.03 54.25 81.69 38.73 33.07 69.58 43.31 70.62 97.45 66.93 69.64 70.65 69.88 51.01 76.52 63.24
25.47 31.92 6.81 27.96 15.83 27.11 3.32 36.16 0 19.38 1.74 1.77 24.08 10.75 8.29 18.88 12.13 12.9 27.16 51.56 41.6 41.3 7.13 10.41 7.91 10.38 17.62 17.62 20.25 29.81 21.28 29.4 23.6 14.21 8.33 29.26 16.77 5.95 23.04 16.29 31.14 7.46 13.47 14 38.17 1.48 13.94 26.96 1.72 27.02 54.8 21.67 20.09 26.98 27.2 10.53 31.57 21.55
7.98 18.42 26.68 51.28 6.12 8.64 15.95 60.71 19.38 0 18.93 24.23 5.95 10.62 19.54 14.77 31.12 8.76 45.23 42.65 26.47 39.74 28.63 10.42 30.8 10.6 41.62 41.62 21.87 33.67 1.37 24.39 18.17 32.55 30.35 7.83 1.66 28.05 5.82 15.77 9.85 39.89 17.61 9.72 15 20.42 47.57 26.04 17.03 4.59 28.25 6.38 4.31 4.66 4.55 20.42 12.11 7.72
22.51 29.05 9.24 30.35 11.44 29.48 1.47 40 1.74 18.93 0 8.07 20.58 1.99 3.22 18.67 13.87 4.58 28.95 51.63 37.04 39.89 14.31 6.6 12.37 1.75 23.51 23.51 20.02 29.42 13.14 29.06 14.27 16.91 11.82 20.91 8.52 9.51 14.55 7.34 22.82 16.53 5.18 5.71 29.3 4.71 22.96 26.68 0.75 19.27 45.17 19.57 12.86 19.24 19.19 9.92 26.55 12.98
29.99 35.7 4.25 23.9 16.79 37.65 4.53 31.14 1.77 24.23 8.07 0 28.12 10.21 8.6 22.73 16.01 12.38 30.92 56.33 46.39 45.64 5.01 14.35 12.35 9.84 15.49 15.49 24.08 33.81 20.79 33.31 21.88 14.46 12.23 28.8 16.26 10.1 22.55 15.78 30.7 7.4 12.95 13.48 37.77 1.38 14.1 30.73 4.04 26.56 54.46 27.12 20.53 26.51 26.74 16.35 34.46 21.06
1.76 22.68 36 62.56 15.58 1.58 25.23 74.24 24.08 5.95 20.58 28.12 0 13.88 21.51 12.45 26.03 12.05 37.52 32.75 20.33 32.17 31.8 9.48 25.17 13.88 44.1 44.1 21.22 27.3 1.12 18.21 19.02 33.46 26.34 8.69 2.69 24.01 6.92 17.42 10.72 34.83 19.75 13 8.35 23.64 42.58 19.87 18.68 5.7 29.75 2.68 4.78 5.81 6.07 14.19 5.75 8.36
19.63 16.01 13.88 34.51 1.6 21.5 2.63 50.55 10.75 10.62 1.99 10.21 13.88 0 3.03 15.39 20.05 0.85 35.1 48.07 33.47 35.74 14.12 3.23 19.72 0.09 23.32 23.32 16.74 26.2 10.21 28.05 6.4 18.11 18.04 13.18 5.57 16.93 6.7 1.74 15.12 22.31 2.17 1.19 26.45 5.69 29.58 25.61 3.84 10.84 41.44 16.7 9.93 11.48 16.19 9.63 23.67 5.09
25.25 18.37 4.92 31.25 4.78 28.96 1.36 53.24 8.29 19.54 3.22 8.6 21.51 3.03 0 24.96 19.44 4.1 42.18 61.01 47.05 55.17 10.98 11.55 17.78 2.69 16.81 16.81 32.12 34 17.23 35.98 8.98 8.52 17.32 16.71 13.45 14.98 10.8 1.98 18.64 20.68 1.5 4.08 31.63 2.47 27.23 33.09 2.33 14.1 48.22 24.09 17.47 14.07 18.75 15 30.15 7.71
10.45 27.36 29.55 55.26 14.55 9.35 25.1 58.93 18.88 14.77 18.67 22.73 12.45 15.39 24.96 0 8.62 15.45 22.31 22.05 13.6 17.89 30.09 7.47 9.82 14.99 42.69 42.69 1.66 10.74 12.83 4.41 24.84 43.35 8.68 22.57 8.38 6.88 16.21 22.18 24.49 17.35 24.16 13.81 24.59 23.22 23.76 1.92 16.7 20.29 47.95 3.44 5.31 20.25 21.35 3.77 6.7 14.69
23.41 42.17 22.88 46.72 27.59 21.48 16.18 50.49 12.13 31.12 13.87 16.01 26.03 20.05 19.44 8.62 0 18.94 14.01 32.85 25.11 25.9 20.33 10.16 1.86 15.43 30.71 30.71 7.61 14.83 22.84 15.94 35.79 30.71 0.97 32.04 18.13 0.93 25.8 30.06 34.44 7.3 27.31 19.42 34.04 14.44 13.71 13.47 7.27 29.8 59.82 13.14 15.14 29.75 30.84 2.55 19.5 24.32
15.9 13.51 15.6 37.1 1.26 19.72 4.84 53.04 12.9 8.76 4.58 12.38 12.05 0.85 4.1 15.45 18.94 0 36.44 45.32 31.25 38.49 16.9 3.02 26.64 1.02 26.04 26.04 17.46 26.91 8.12 25.84 4.01 19.78 20.11 10.83 3.37 19.02 4.32 1.82 12.78 24.56 3.31 0.72 24.46 8.53 31.8 21.08 6.17 8.48 39.07 14.37 6.85 9.13 13.86 10.35 21.66 2.69
35.01 58.87 38.97 62.92 43.22 31.97 31.55 63.09 27.16 45.23 28.95 30.92 37.52 35.1 42.18 22.31 14.01 36.44 0 22.23 21.37 10.49 37.3 27.01 15.63 42.41 50.38 50.38 17.75 9.4 39.16 14.18 55.69 51.61 13.24 50.5 34.8 14.09 44.2 49.3 52.96 23.72 45.88 44.53 46.58 29.72 27.13 13.58 23.6 47.2 73.08 29.33 31.33 47.25 47.47 19.41 26.42 42.46
30.82 61.66 64.64 85.86 44.39 28.3 58.82 86.77 51.56 42.65 51.63 56.33 32.75 48.07 61.01 22.05 32.85 45.32 22.23 0 4.5 11.5 62.57 33.38 35.14 48.84 74.91 74.91 23.21 15.08 30.92 12.53 59.33 76.62 32.91 46.71 38 32.24 43.49 51.93 49.19 43.96 57.43 47.7 31.45 54.71 48.19 14.58 52.03 43.36 47 26.35 34.45 43.41 40.25 29.95 22.24 45.64
18.36 45.14 54.78 76.73 30.58 13.56 53.07 80.86 41.6 26.47 37.04 46.39 20.33 33.47 47.05 13.6 25.11 31.25 21.37 4.5 0 16.23 52.77 25.81 27.05 32.89 65.53 65.53 15.66 9.03 21.54 4.54 43.09 60.66 25.19 30.76 24.05 24.63 29.09 39.07 32.02 34.32 41.24 31.8 23.1 45.9 38.59 7.01 35.79 27.97 47.91 13.36 21.12 28.05 25.19 22.54 10.78 30.16
30.24 55.81 55.14 75.06 40.14 27.71 52.52 71.71 41.3 39.74 39.89 45.64 32.17 35.74 55.17 17.89 25.9 38.49 10.49 11.5 16.23 0 53.08 28.83 28.47 43.68 65.89 65.89 18.81 6.67 40.43 10.47 64.22 67.09 26.19 51.74 43.58 27.03 49.71 60.26 54.19 37.6 62.33 53.18 42.37 46.24 45.09 9.85 36.9 48.45 61.29 30.69 40.08 48.5 44.9 24.97 25.98 51.14
36.14 33.03 2 18.45 18.41 40.71 6.47 32.1 7.13 28.63 14.31 5.01 31.8 14.12 10.98 30.09 20.33 16.9 37.3 62.57 52.77 53.08 0 19.55 16.56 9.98 8.6 8.6 28.21 39.23 25.31 38.51 22.32 13.39 16.46 28.49 20.85 14.35 22.26 15.91 36.44 8.38 12.51 13.61 44.04 1.12 15.09 35.48 8.7 26.89 60.6 31.46 25.05 26.85 31.77 20.52 40.79 20.77
11.55 23 22.22 45.64 7.57 15.27 11.42 49.94 10.41 10.42 6.6 14.35 9.48 3.23 11.55 7.47 10.16 3.02 27.01 33.38 25.81 28.83 19.55 0 14.38 2.22 30.26 30.26 10.16 19.8 9.84 19.43 11.85 25.14 12.87 19.08 6.26 11.49 12.71 8.2 21 18.92 8.86 3.16 21.15 13.02 25.19 17 4.95 16.79 42.21 10.1 2.79 16.76 16.96 3.04 18.35 10.55
23.07 41.77 19.26 42.72 25.03 22.24 12.91 45.41 7.91 30.8 12.37 12.35 25.17 19.72 17.78 9.82 1.86 26.64 15.63 35.14 27.05 28.47 16.56 14.38 0 19.34 29.48 29.48 10.87 16.64 25.93 18.54 35.09 29.51 1.21 35.68 21.28 0.95 28.87 28.85 38.12 7.47 26.11 26.64 37.72 13.24 9.55 15.09 9.91 32.88 63.31 16.34 18.32 32.77 34.18 5.36 22.23 27.41
17.7 16.36 13.51 34.1 1.63 21.5 2.25 50.15 10.38 10.6 1.75 9.84 13.88 0.09 2.69 14.99 15.43 1.02 42.41 48.84 32.89 43.68 9.98 2.22 19.34 0 22.96 22.96 16.38 25.85 9.84 25.49 6.7 17.75 17.67 13.47 5.19 16.57 7 1.71 15.41 21.95 2.04 1.22 26.09 5.31 29.23 25.25 3.45 11.14 41.02 16.3 9.55 11.78 15.93 9.26 23.31 5.39
50.25 35.93 7.51 12.66 26.75 57.56 15.82 26.46 17.62 41.62 23.51 15.49 44.1 23.32 16.81 42.69 30.71 26.04 50.38 74.91 65.53 65.89 8.6 30.26 29.48 22.96 0 0 39.29 51.79 35.24 52.27 29.99 23.78 26.28 46.77 33.06 24.24 34.26 25.53 50.75 17.07 22.36 23.46 58.19 9.89 16.89 47.44 21.21 38.28 74.49 46 38.29 46.63 45.84 30.19 53.47 30.43
50.25 35.93 7.51 12.66 26.75 57.56 15.82 26.46 17.62 41.62 23.51 15.49 44.1 23.32 16.81 42.69 30.71 26.04 50.38 74.91 65.53 65.89 8.6 30.26 29.48 22.96 0 0 39.29 51.79 35.24 52.27 29.99 23.78 26.28 46.77 33.06 24.24 34.26 25.53 50.75 17.07 22.36 23.46 58.19 9.89 16.89 47.44 21.21 38.28 74.49 46 38.29 46.63 45.84 30.19 53.47 30.43
17.47 34.72 30.86 56.77 21.69 14.41 24.64 60.41 20.25 21.87 20.02 24.08 21.22 16.74 32.12 1.66 7.61 17.46 17.75 23.21 15.66 18.81 28.21 10.16 10.87 16.38 39.29 39.29 0 11.66 16.14 10.81 23.65 39.44 4.92 25.83 11.73 3.12 19.51 17.77 27.74 13.67 18.4 13.41 27.67 19.16 20.13 8.27 12.88 23.56 52.06 6.68 8.68 23.52 24.62 1.72 12.49 18
25.35 46.26 42.6 62.8 31.14 20.72 33.92 66.08 29.81 33.67 29.42 33.81 27.3 26.2 34 10.74 14.83 26.91 9.4 15.08 9.03 6.67 39.23 19.8 16.64 25.85 51.79 51.79 11.66 0 28.48 2.13 42.63 53.35 14.52 38.85 23.87 15.38 31.4 38.64 41.28 24.81 40.8 31.59 31.91 30.97 28.16 1.8 24.87 36.06 58.95 20.72 20.93 35.91 34.16 13.12 16.28 29.95
2.95 16.16 28.35 53.55 8.09 6.89 17.88 62.91 21.28 1.37 13.14 20.79 1.12 10.21 17.23 12.83 22.84 8.12 39.16 30.92 21.54 40.43 25.31 9.84 25.93 9.84 35.24 35.24 16.14 28.48 0 22.02 16.32 30.11 28.56 5.93 1.53 26.25 3.91 13.91 7.96 37.67 15.76 7.83 13.08 18.58 45.39 23.43 15.17 2.67 26.65 6.19 4.85 2.74 2.88 17.07 9.68 5.36
16.23 38.89 41.87 67.07 25.16 13.66 35.99 70.31 29.4 24.39 29.06 33.31 18.21 28.05 35.98 4.41 15.94 25.84 14.18 12.53 4.54 10.47 38.51 19.43 18.54 25.49 52.27 52.27 10.81 2.13 22.02 0 36.5 56.4 18.13 32.27 19.08 17.55 26.69 32.66 34.7 26.83 34.69 26.86 30.7 35.25 30.21 0.57 27.38 29.49 57.31 15.88 16.12 29.58 29.8 14.57 10.9 25.22
22.8 3.78 21.33 48.6 3.64 26.85 14.51 71.2 23.6 18.17 14.27 21.88 19.02 6.4 8.98 24.84 35.79 4.01 55.69 59.33 43.09 64.22 22.32 11.85 35.09 6.7 29.99 29.99 23.65 42.63 16.32 36.5 0 10.63 36.33 9.95 15.04 36.44 9.85 1.36 11.91 37.11 4.18 3.07 30.95 16.57 45.29 34.39 15.77 12.53 47.66 25.11 18.46 11.05 18.45 28.26 28.67 5.73
38.12 13.48 10.84 38.87 19.43 42.71 10.47 56.24 14.21 32.55 16.91 14.46 33.46 18.11 8.52 43.35 30.71 19.78 51.61 76.62 60.66 67.09 13.39 25.14 29.51 17.75 23.78 23.78 39.44 53.35 30.11 56.4 10.63 0 27.63 22.84 23.96 25.37 21.28 8.59 24.76 26.22 6.41 14.74 44.89 8.29 35.3 48.61 11.97 24.5 61.7 37.7 28.13 23.92 29 33.51 44.11 18.17
22.49 41.25 19.17 42.2 26.8 21.78 12.44 46.03 8.33 30.35 11.82 12.23 26.34 18.04 17.32 8.68 0.97 20.11 13.24 32.91 25.19 26.19 16.46 12.87 1.21 17.67 26.28 26.28 4.92 14.52 28.56 18.13 36.33 27.63 0 32.5 18.63 0.72 26.28 31.06 34.95 7.09 22.53 19.61 34.55 15.51 12.5 13.37 7.46 30.27 60.27 13.65 15.65 30.21 31.31 2.69 20 24.8
12.56 9.51 27.82 65.78 10.15 16.4 21.14 72.25 29.26 7.83 20.91 28.8 8.69 13.18 16.71 22.57 32.04 10.83 50.5 46.71 30.76 51.74 28.49 19.08 35.68 13.47 46.77 46.77 25.83 38.85 5.93 32.27 9.95 22.84 32.5 0 14.03 36.97 5.3 12.53 2.05 49.74 15.27 13.91 21.38 29.41 57.27 34.38 26.33 3.45 35.2 19.79 18.83 2.01 6.19 28.55 22.75 5.97
6.62 16.49 24.12 48.18 3.42 10.52 13.32 57.69 16.77 1.66 8.52 16.26 2.69 5.57 13.45 8.38 18.13 3.37 34.8 38 24.05 43.58 20.85 6.26 21.28 5.19 33.06 33.06 11.73 23.87 1.53 19.08 15.04 23.96 18.63 14.03 0 19.35 4.4 9.54 12.87 29.55 11.91 4.49 15.51 15.37 36.64 17.59 11.95 7.6 30.97 4.95 1.36 7.66 7.44 11.89 12.32 2.81
20.26 38.48 17.08 39.76 24.48 19.42 10.06 43.62 5.95 28.05 9.51 10.1 24.01 16.93 14.98 6.88 0.93 19.02 14.09 32.24 24.63 27.03 14.35 11.49 0.95 16.57 24.24 24.24 3.12 15.38 26.25 17.55 36.44 25.37 0.72 36.97 19.35 0 26.59 27.42 35.33 4.55 20.23 20.75 34.93 11.71 11.15 15.18 6.56 30.57 60.64 13.97 15.96 30.52 31.61 3.87 20.31 25.11
10.81 12.09 22.1 48.74 3.63 14.67 14.79 64.88 23.04 5.82 14.55 22.55 6.92 6.7 10.8 16.21 25.8 4.32 44.2 43.49 29.09 49.71 22.26 12.71 28.87 7 34.26 34.26 19.51 31.4 3.91 26.69 9.85 21.28 26.28 5.3 4.4 26.59 0 3.96 5.01 33.39 6.38 1.9 20.37 16.1 42.52 23.42 15.35 3.15 34.25 14.38 7.59 3.14 7.95 17.63 18.84 0.65
21.2 11.79 14.08 41.11 1.72 24.95 6.97 56.89 16.29 15.77 7.34 15.78 17.42 1.74 1.98 22.18 30.06 1.82 49.3 51.93 39.07 60.26 15.91 8.2 28.85 1.71 25.53 25.53 17.77 38.64 13.91 32.66 1.36 8.59 31.06 12.53 9.54 27.42 3.96 0 11.68 28.26 1.06 1.64 27.97 9.66 35.31 29.19 9.17 10.29 43.62 20.33 13.65 10.27 15 15.76 26.48 3.85
14.57 12.14 30.44 65.52 12.1 18.4 23.05 74.57 31.14 9.85 22.82 30.7 10.72 15.12 18.64 24.49 34.44 12.78 52.96 49.19 32.02 54.19 36.44 21 38.12 15.41 50.75 50.75 27.74 41.28 7.96 34.7 11.91 24.76 34.95 2.05 12.87 35.33 5.01 11.68 0 45.89 11.87 10.48 17.92 26.01 53.49 30.97 22.65 1.24 31.35 14.77 14.4 0.91 2.55 25.29 17.76 2.45
29.08 51.27 16.09 30.06 27.69 29.62 15.82 32.56 7.46 39.89 16.53 7.4 34.83 22.31 20.68 17.35 7.3 24.56 23.72 43.96 34.32 37.6 8.38 18.92 7.47 21.95 17.07 17.07 13.67 24.81 37.67 26.83 37.11 26.22 7.09 49.74 29.55 4.55 33.39 28.26 45.89 0 27.16 27.69 48.23 14.28 1.56 26 15.42 43.51 73.68 24.67 26.05 43.34 44.79 14.6 30.85 35.75
23.51 14.55 9.9 36.93 2.94 27.23 4.78 54.03 13.47 17.61 5.18 12.95 19.75 2.17 1.5 24.16 27.31 3.31 45.88 57.43 41.24 62.33 12.51 8.86 26.11 2.04 22.36 22.36 18.4 40.8 15.76 34.69 4.18 6.41 22.53 15.27 11.91 20.23 6.38 1.06 11.87 27.16 0 2.39 30.02 7.49 31.92 31.23 7.02 12.44 46.13 22.42 15.78 12.42 17.11 17.86 28.53 6.04
16.83 13.48 15.57 38.37 0.6 20.64 5.96 54.25 14 9.72 5.71 13.48 13 1.19 4.08 13.81 19.42 0.72 44.53 47.7 31.8 53.18 13.61 3.16 26.64 1.22 23.46 23.46 13.41 31.59 7.83 26.86 3.07 14.74 19.61 13.91 4.49 20.75 1.9 1.64 10.48 27.69 2.39 0 24.88 9.86 34.94 23.18 9.28 8.38 39.43 14.18 7.41 8.36 13.11 14.99 22.09 1.95
9.98 32.2 44.96 72.83 24.4 14.18 34.05 81.69 38.17 15 29.3 37.77 8.35 26.45 31.63 24.59 34.04 24.46 46.58 31.45 23.1 42.37 44.04 21.15 37.72 26.09 58.19 58.19 27.67 31.91 13.08 30.7 30.95 44.89 34.55 21.38 15.51 34.93 20.37 27.97 17.92 48.23 30.02 24.88 0 36.54 61.73 31.11 32.4 13.93 18.51 16.28 16.74 18.38 10.42 27.54 19.7 21.4
27.06 31.66 3.29 23.84 10.08 30.68 1.37 38.73 1.48 20.42 4.71 1.38 23.64 5.69 2.47 23.22 14.44 8.53 29.72 54.71 45.9 46.24 1.12 13.02 13.24 5.31 9.89 9.89 19.16 30.97 18.58 35.25 16.57 8.29 15.51 29.41 15.37 11.71 16.1 9.66 26.01 14.28 7.49 9.86 36.54 0 19.87 32.91 2.42 22.04 53.98 26.74 20.16 22.01 26.56 14.36 34.04 15.85
34.63 56.99 24.5 29.93 35.22 36.71 23.21 33.07 13.94 47.57 22.96 14.1 42.58 29.58 27.23 23.76 13.71 31.8 27.13 48.19 38.59 45.09 15.09 25.19 9.55 29.23 16.89 16.89 20.13 28.16 45.39 30.21 45.29 35.3 12.5 57.27 36.64 11.15 42.52 35.31 53.49 1.56 31.92 34.94 61.73 19.87 0 25.79 22.82 52.51 82.3 31.97 32.72 52.33 53.78 22.04 33.03 44.64
16.62 35.88 38.86 64.55 22.7 14.04 33.01 69.58 26.96 26.04 26.68 30.73 19.87 25.61 33.09 1.92 13.47 21.08 13.58 14.58 7.01 9.85 35.48 17 15.09 25.25 47.44 47.44 8.27 1.8 23.43 0.57 34.39 48.61 13.37 34.38 17.59 15.18 23.42 29.19 30.97 26 31.23 23.18 31.11 32.91 25.79 0 24.72 26.35 54.5 12.67 13.63 26.43 26.67 12.08 8.38 22.79
20.7 25.82 12.12 33.44 9.5 24.32 1.85 43.31 1.72 17.03 0.75 4.04 18.68 3.84 2.33 16.7 7.27 6.17 23.6 52.03 35.79 36.9 8.7 4.95 9.91 3.45 21.21 21.21 12.88 24.87 15.17 27.38 15.77 11.97 7.46 26.33 11.95 6.56 15.35 9.17 22.65 15.42 7.02 9.28 32.4 2.42 22.82 24.72 0 23.53 50.18 18.44 11.43 23.49 23.46 7.49 26.55 17.32
9.6 12.59 25.31 55.59 7.8 13.48 19.51 70.62 27.02 4.59 19.27 26.56 5.7 10.84 14.1 20.29 29.8 8.48 47.2 43.36 27.97 48.45 26.89 16.79 32.88 11.14 38.28 38.28 23.56 36.06 2.67 29.49 12.53 24.5 30.27 3.45 7.6 30.57 3.15 10.29 1.24 43.51 12.44 8.38 13.93 22.04 52.51 26.35 23.53 0 27.23 12.74 12.38 0.98 1.17 23.73 15.74 1.91
32.74 48.9 61.62 88.96 38.84 38.59 50.78 97.45 54.8 28.25 45.17 54.46 29.75 41.44 48.22 47.95 59.82 39.07 73.08 47 47.91 61.29 60.6 42.21 63.31 41.02 74.49 74.49 52.06 58.95 26.65 57.31 47.66 61.7 60.27 35.2 30.97 60.64 34.25 43.62 31.35 73.68 46.13 39.43 18.51 53.98 82.3 54.5 50.18 27.23 0 38.76 39.24 29.98 24.56 51.3 42.42 33.59
1.51 25.72 34.36 61.32 13.68 1.7 24.24 66.93 21.67 6.38 19.57 27.12 2.68 16.7 24.09 3.44 13.14 14.37 29.33 26.35 13.36 30.69 31.46 10.1 16.34 16.3 46 46 6.68 20.72 6.19 15.88 25.11 37.7 13.65 19.79 4.95 13.97 14.38 20.33 14.77 24.67 22.42 14.18 16.28 26.74 31.97 12.67 18.44 12.74 38.76 0 3.22 16.83 17.08 4.89 4 12.63
6.35 19.89 28.3 53.31 6.9 10.04 17.61 69.64 20.09 4.31 12.86 20.53 4.78 9.93 17.47 5.31 15.14 6.85 31.33 34.45 21.12 40.08 25.05 2.79 18.32 9.55 38.29 38.29 8.68 20.93 4.85 16.12 18.46 28.13 15.65 18.83 1.36 15.96 7.59 13.65 14.4 26.05 15.78 7.41 16.74 20.16 32.72 13.63 11.43 12.38 39.24 3.22 0 8.47 9.59 12.2 15.06 2.73
9.71 11.29 25.27 55.41 8.88 13.59 19.48 70.65 26.98 4.66 19.24 26.51 5.81 11.48 14.07 20.25 29.75 9.13 47.25 43.41 28.05 48.5 26.85 16.76 32.77 11.78 46.63 46.63 23.52 35.91 2.74 29.58 11.05 23.92 30.21 2.01 7.66 30.52 3.14 10.27 0.91 43.34 12.42 8.36 18.38 22.01 52.33 26.43 23.49 0.98 29.98 16.83 8.47 0 4.19 24.65 16.69 2.41
8.66 17.26 29.81 60.7 13.62 12.87 23.85 69.88 27.2 4.55 19.19 26.74 6.07 16.19 18.75 21.35 30.84 13.86 47.47 40.25 25.19 44.9 31.77 16.96 34.18 15.93 45.84 45.84 24.62 34.16 2.88 29.8 18.45 29 31.31 6.19 7.44 31.61 7.95 15 2.55 44.79 17.11 13.11 10.42 26.56 53.78 26.67 23.46 1.17 24.56 17.08 9.59 4.19 0 24.07 17.15 6.03
12.19 29.61 23.19 50.85 15.16 11.66 14.34 51.01 10.53 20.42 9.92 16.35 14.19 9.63 15 3.77 2.55 10.35 19.41 29.95 22.54 24.97 20.52 3.04 5.36 9.26 30.19 30.19 1.72 13.12 17.07 14.57 28.26 33.51 2.69 28.55 11.89 3.87 17.63 15.76 25.29 14.6 17.86 14.99 27.54 14.36 22.04 12.08 7.49 23.73 51.3 4.89 12.2 24.65 24.07 0 14.21 18.11
3.72 28.64 44.13 69.8 21.6 1.9 31.14 76.52 31.57 12.11 26.55 34.46 5.75 23.67 30.15 6.7 19.5 21.66 26.42 22.24 10.78 25.98 40.79 18.35 22.23 23.31 53.47 53.47 12.49 16.28 9.68 10.9 28.67 44.11 20 22.75 12.32 20.31 18.84 26.48 17.76 30.85 28.53 22.09 19.7 34.04 33.03 8.38 26.55 15.74 42.42 4 15.06 16.69 17.15 14.21 0 16.46
12.23 7.95 19.1 47.02 2.17 16.08 13.26 63.24 21.55 7.72 12.98 21.06 8.36 5.09 7.71 14.69 24.32 2.69 42.46 45.64 30.16 51.14 20.77 10.55 27.41 5.39 30.43 30.43 18 29.95 5.36 25.22 5.73 18.17 24.8 5.97 2.81 25.11 0.65 3.85 2.45 35.75 6.04 1.95 21.4 15.85 44.64 22.79 17.32 1.91 33.59 12.63 2.73 2.41 6.03 18.11 16.46 0